5910 63
5953 63
5958 63
5963 63
5968 63
5974 63
5979 63
5984 63
5989 63
5995 63
6000 63
6014 63
6023 63
6033 63
6043 63
6053 63
6063 63
6073 63
6080 63
6087 63
6095 63
6102 63
6110 63
6117 63
6124 63
6137 63
6149 63
6162 63
6175 63
6187 63
6200 63
6213 63
6225 63
6238 63
6251 63
6263 63
6276 63
6289 63
6301 63
6314 63
6327 63
6337 63
6342 63
6347 63
6353 63
6358 63
6363 63
6368 63
6373 63
6378 63
6384 63
6389 63
6394 63
6399 63
6404 63
6409 63
6414 63
6420 63
6425 63
6435 63
6440 63
6445 63
6450 63
6455 63
6460 63
6465 63
6471 63
6476 63
6481 63
6486 63
6491 63
6496 63
6501 63
6506 63
6512 63
6517 63
6522 63
6527 63
6533 63
6538 63
6543 63
6548 63
6553 63
6559 63
6564 63
6569 63
6597 63
6603 63
6608 63
6613 63
6618 63
6624 63
6629 63
6634 63
6639 63
6644 63
6650 63
6655 63
6660 63
6665 63
6671 63
6676 63
6681 63
6686 63
6692 63
6697 63
6702 63
6707 63
6712 63
6718 63
6723 63
6728 63
6736 63
6741 63
6746 63
6751 63
6756 63
6762 63
6767 63
6772 63
11772 44
16772 44
21773 44
26773 44
31773 44
36773 44
41774 44
46774 44
51774 44
56774 44
61774 44
66775 44
71775 44
76775 44
81775 44
86775 44
91776 44
96776 44
101776 44
106776 44
111777 44
116777 44
121777 44
126777 44
131777 44
136778 44
141778 44
146778 44
151778 44
156779 44
161779 44
166779 44
171779 44
176779 44
