3833 63
3838 63
3844 63
3849 63
3854 63
3860 63
3865 63
3870 63
3875 63
3880 63
3886 63
3891 63
3896 63
3901 63
3907 63
3912 63
3917 63
3922 63
3933 63
3943 63
3953 63
3962 63
3972 63
3982 63
3992 63
3999 63
4007 63
4014 63
4022 63
4029 63
4041 63
4049 63
4056 63
4069 63
4081 63
4094 63
4107 63
4119 63
4132 63
4145 63
4157 63
4170 63
4183 63
4195 63
4208 63
4220 63
4233 63
4246 63
4256 63
4261 63
4266 63
4272 63
4277 63
4282 63
4287 63
4292 63
4297 63
4303 63
4308 63
4313 63
4318 63
4323 63
4328 63
4334 63
4339 63
4345 63
4350 63
4355 63
4360 63
4365 63
4370 63
4375 63
4380 63
4386 63
4391 63
4396 63
4401 63
4406 63
4411 63
4417 63
4422 63
4427 63
4432 63
4437 63
4442 63
4447 63
4452 63
4457 63
4462 63
4468 63
4473 63
4478 63
4483 63
4515 63
4520 63
4525 63
4530 63
4535 63
4541 63
4546 63
4551 63
4557 63
4562 63
4567 63
4572 63
4577 63
4583 63
4588 63
4594 63
4599 63
4604 63
4610 63
4615 63
4620 63
4627 63
4632 63
4637 63
4645 63
4650 63
4655 63
9656 42
14656 42
19656 42
24656 42
29657 42
34657 42
39657 42
44657 42
49657 42
54658 42
59658 42
64658 42
69658 42
74659 42
79659 42
84659 42
89659 42
94660 42
99660 42
104660 42
109660 42
114661 42
119661 42
124661 42
129661 42
